SR	SRsd	Rsq	negative_points
0.176273985914214	0.0210189779426068	0.770442444401676	2
0.182216929763739	0.0131774268112903	0.901552860182439	2
0.160190147484887	0.0159782317220115	0.827606359893296	2
0.186107542174936	0.0170682210588359	0.838387817022373	0
0.167916431520242	0.0175318637204098	0.814136904346718	2
0.197595457876207	0.0270867599741994	0.717364128058127	2
0.199011846497463	0.0219582602516037	0.804580069014055	3
0.219799829922601	0.0144076709673429	0.917766235873702	2
0.225443751247335	0.0142864367296531	0.922761615369687	2
0.216512513335891	0.0146497472249108	0.909039504794274	1
0.255053209180045	0.0267422984743782	0.812852645538553	2
0.185686263405255	0.0221012825698342	0.771083074652402	2
0.165654952829295	0.0202711654649759	0.744201255773484	0
0.203454218633456	0.0169798303454759	0.867621583360058	1
0.185437031595543	0.0397224162454032	0.497802279348294	1
0.181130825245171	0.0121276864762946	0.914481893518439	2
0.181156733441395	0.0272688977200296	0.677876527273041	2
0.172307883155383	0.0179579799135471	0.814683106886424	2
0.174019481657907	0.0169202603352803	0.821857882903109	0
0.206305284440641	0.0254362132000819	0.767206418700032	3
0.226268002865451	0.0258127916422624	0.770034643268891	0
0.186294816830694	0.0197360202282503	0.824624673057769	4
0.193847863458918	0.0174389940106168	0.855191130808906	2
0.253974321535447	0.0245943708290486	0.83590968870883	2
0.237162924096178	0.021156574194985	0.845778166173575	0
0.209427167252158	0.022281419006953	0.801046764763342	1
0.194181217308131	0.0293181316009968	0.676550037572928	2
0.207204131529502	0.0180730702379359	0.851575053722838	0
0.15352436016272	0.0210323694845181	0.717615812010732	2
0.173415410495147	0.0155610476442453	0.849989359169095	1
0.184663543376263	0.0155149099698552	0.86083234087986	0
0.202383768019494	0.0113118163416515	0.936267972560123	1
0.272506019768849	0.0243436681931084	0.856928597005389	2
0.215468449223341	0.0176004608779905	0.87758420691677	2
0.258795418436614	0.0217344045780528	0.871469027651452	2
0.216967151865481	0.0208224451654416	0.831967995506362	1
0.169021953074317	0.0181343005673052	0.805734164520548	2
0.249351369693597	0.0202281008211585	0.869056480687062	0
0.182834090739578	0.0238660683507319	0.727694646520006	1
0.228190784379316	0.0244917754868039	0.798226552875857	1
0.193857981339696	0.014195096956515	0.899305398510921	2
0.25026234188523	0.0235420607157363	0.843737719642183	2
0.26865879267719	0.0246620057325025	0.856212300585396	3
0.22753435380371	0.0177416609041081	0.896901795564589	4
0.173744377985113	0.00942982273398716	0.939719905093651	1
0.220141723817369	0.0261306957132752	0.772050268357783	2
0.212017259946756	0.0242135741493188	0.793486764996091	3
0.214181526331302	0.0128042764369293	0.930730940056628	2
0.175756196162134	0.0131699995776196	0.890573415783294	1
0.208083205837648	0.018031373981996	0.858707804785569	1
0.255836560464374	0.0360707624759728	0.696053705316754	1
0.194773018031861	0.0172436560727818	0.847756291055583	0
0.212098341524739	0.0267781384079129	0.740729643696665	1
0.220316530092111	0.0355459725118299	0.646823198537532	2
0.228198109546071	0.054810851053339	0.464419813454461	3
0.225416882756775	0.0439986699598699	0.533170067500992	0
0.18737430084093	0.0181338707856437	0.829602087805144	1
0.190615621400733	0.0131150824806461	0.914009066076275	3
0.237742089920087	0.019859826038753	0.872667016645275	2
0.280892524415566	0.0329948489875639	0.759495827630364	0
0.24420369103681	0.0336150722873622	0.725498824708716	3
0.211307045422521	0.023892675219493	0.780876348460745	1
0.257128956816148	0.0172716024415556	0.921524356772583	4
0.246573233691423	0.0211738203038111	0.860902881299084	1
0.184146566607328	0.0178715555342223	0.828805006952652	1
0.146902402491822	0.0234544153097013	0.67396083973789	4
0.230533395575014	0.0208507264762724	0.859837982200249	3
0.176895902462993	0.0166405338229919	0.831364910488202	0
0.217672519886174	0.0285468597372965	0.716899980783921	0
0.2388030062581	0.0251411334064608	0.818948179531311	3
0.25813695858087	0.024207899459973	0.838347971552646	1
0.221045613168108	0.0272691978741785	0.749537582010777	1
0.180462508933143	0.015454280672312	0.867017168554545	2
0.203943368246456	0.0149083713721057	0.891093359635669	0
0.206435215824426	0.0212090968970606	0.811977094656476	1
0.134723158993177	0.0164443886644067	0.770785674357288	3
0.214684732196685	0.0173857855839854	0.87943433739312	2
0.161148111956234	0.0117973204652767	0.899345868916929	2
0.162496441964479	0.013102494286085	0.875367672900517	1
0.219411234187868	0.0247149881608046	0.782176208537772	1
0.208358116679778	0.0158689703064829	0.887345920423364	1
0.20038252642471	0.0224694420213042	0.783720890476998	1
0.220257434393153	0.0182978671085823	0.868678694327808	1
0.238166736251287	0.0355327242722221	0.703065742591968	4
0.170390674129947	0.023216383586129	0.719818487590964	2
0.186445730432084	0.0175602882861667	0.843414420805206	2
0.220116311739854	0.0133587073102012	0.941525827642794	6
0.188897534202978	0.0204752635780968	0.810120195372556	3
0.209554363593036	0.0194224759937308	0.841515843559284	1
0.213254793280368	0.015439298773465	0.905606616234443	3
0.225273861839079	0.0165145651835422	0.894795327792519	1
0.211929128823747	0.0148420694235617	0.911166171174616	3
0.191317355390718	0.0187740717417355	0.825632180406277	1
0.163545373862918	0.016955540314646	0.809186985562013	1
0.142950689468672	0.016930761801398	0.781279369789563	3
0.186455856565072	0.020004942950597	0.805731566942384	2
0.180739765410862	0.0256490751715314	0.683757425326663	0
0.213235649634675	0.0208239406328275	0.82057328874535	0
0.188218129098106	0.0790176361820369	0.212739339736085	2
0.171951065562145	0.0155672348552221	0.865681172677255	4
0.228334715736187	0.0163711545415502	0.911491228004086	4
0.241742086144151	0.0205356127204768	0.863483934868012	1
0.224397198440576	0.0220843932515707	0.824790016494853	1
0.191737071970093	0.0156092803176467	0.873249412043496	1
0.19856279512468	0.0262598679436035	0.722479934344375	1
0.198716147281524	0.0227455220769285	0.776652042066427	1
0.197478304271679	0.0247021765989005	0.753035142166749	2
0.134810910575146	0.0177656443218268	0.733101311097247	2
0.224606100175257	0.0387028828154991	0.605117334064284	1
0.186882779037087	0.0176979776388565	0.835670510048243	1
0.206237636574508	0.0156305499945298	0.888328722557576	1
0.209045605311916	0.0163675173569329	0.886439426055232	2
0.198219507963515	0.0190679194062089	0.824982905849314	0
0.254358385316095	0.029043980252157	0.76970897274353	0
0.187352130603985	0.0187177449296623	0.840988061103753	4
0.21910544550194	0.021374657196859	0.827326928617484	1
0.218086788328312	0.0173379243635261	0.873607993880727	0
0.191257135699382	0.0178587334075032	0.845687022337935	2
0.255677038800217	0.0219233376222999	0.855858455858582	0
0.205131374528684	0.0194079882063665	0.842208964253889	2
0.242323376199868	0.023154465275294	0.833190530868767	1
0.20384729198168	0.0151218017414836	0.919481954517534	7
0.2399398103808	0.0169452596821794	0.897644421631571	0
0.19899248176578	0.0166618163432033	0.872143797504914	2
0.177534438373384	0.0225103077051499	0.739081957711645	1
0.21411934252176	0.0235380346663094	0.805742239174982	3
0.251319018087278	0.0181974283647029	0.897114332808397	1
0.187785182067485	0.0283761283211497	0.655954495469385	0
0.175571758930962	0.0240381535128349	0.708346237415935	1
0.208045696550895	0.022573435842006	0.78734874310607	0
0.209864607919179	0.0171787628928415	0.877130096322735	2
0.21249655096539	0.0219703436345732	0.803098286576021	0
0.231053638958279	0.015681362400717	0.912323981091119	2
0.237655535763822	0.0166362223366454	0.911240035958799	3
